1.000000000000000000e+00,3.839433491230010986e-01,2.245607674121856689e-01,-2.906431555747985840e-01,3.813307881355285645e-01,1.504443585872650146e-01,2.601085230708122253e-02,-2.840393483638763428e-01,5.543853715062141418e-02,3.996276259422302246e-01,1.924447119235992432e-01,3.214737772941589355e-02,-1.828641146421432495e-01,-4.027110040187835693e-01,-6.432762742042541504e-02,1.848883777856826782e-01,-3.545946776866912842e-01,8.122928440570831299e-02,3.304969966411590576e-01,9.196472913026809692e-02
3.839433491230010986e-01,1.000000000000000000e+00,5.473248958587646484e-01,-1.533639580011367798e-01,4.339492619037628174e-01,3.629164695739746094e-01,3.822236359119415283e-01,-1.987240463495254517e-01,1.902256608009338379e-01,1.356762796640396118e-01,1.351230740547180176e-01,1.787383854389190674e-01,-3.058164417743682861e-01,-3.120960295200347900e-01,1.160672605037689209e-01,3.874032795429229736e-01,-4.387431442737579346e-01,-9.768415242433547974e-02,5.021643042564392090e-01,2.757366299629211426e-01
2.245607674121856689e-01,5.473248958587646484e-01,1.000000000000000000e+00,-2.656489908695220947e-01,5.145201683044433594e-01,6.724301576614379883e-01,7.389365434646606445e-01,-1.864861696958541870e-01,5.397533774375915527e-01,2.175302654504776001e-01,-2.415665239095687866e-01,5.912330746650695801e-01,-6.435527205467224121e-01,-4.946925938129425049e-01,5.360741019248962402e-01,6.978703141212463379e-01,-3.615344762802124023e-01,2.454245388507843018e-01,7.129783630371093750e-01,5.965410470962524414e-01
-2.906431555747985840e-01,-1.533639580011367798e-01,-2.656489908695220947e-01,1.000000000000000000e+00,-4.443305730819702148e-01,-2.261485457420349121e-01,-1.512385904788970947e-02,4.996375739574432373e-01,-1.227134615182876587e-01,8.700717240571975708e-02,9.422960877418518066e-02,1.116866469383239746e-01,5.278152227401733398e-01,6.180762648582458496e-01,-1.610348001122474670e-02,-1.845126301050186157e-01,5.180559158325195312e-01,2.037966810166835785e-02,-4.067960679531097412e-01,-1.382749527692794800e-01
3.813307881355285645e-01,4.339492619037628174e-01,5.145201683044433594e-01,-4.443305730819702148e-01,1.000000000000000000e+00,5.456452369689941406e-01,2.663793861865997314e-01,-3.772584795951843262e-01,4.408046901226043701e-01,4.656035453081130981e-02,-8.349540084600448608e-02,2.776567265391349792e-02,-4.849476814270019531e-01,-6.797158122062683105e-01,1.796780228614807129e-01,3.224757313728332520e-01,-5.209800601005554199e-01,1.142423301935195923e-01,5.734593272209167480e-01,3.022504448890686035e-01
1.504443585872650146e-01,3.629164695739746094e-01,6.724301576614379883e-01,-2.261485457420349121e-01,5.456452369689941406e-01,1.000000000000000000e+00,6.019517779350280762e-01,-6.604075431823730469e-02,6.663479208946228027e-01,2.782000303268432617e-01,-5.110831260681152344e-01,4.076224267482757568e-01,-5.751747488975524902e-01,-4.952457845211029053e-01,6.607207059860229492e-01,4.086496829986572266e-01,-3.094468116760253906e-01,3.280366659164428711e-01,6.187673211097717285e-01,5.959330201148986816e-01
2.601085230708122253e-02,3.822236359119415283e-01,7.389365434646606445e-01,-1.512385904788970947e-02,2.663793861865997314e-01,6.019517779350280762e-01,1.000000000000000000e+00,6.828875839710235596e-02,5.676646828651428223e-01,3.263760209083557129e-01,-1.393537521362304688e-01,7.105557918548583984e-01,-4.091514647006988525e-01,-2.221356928348541260e-01,6.468603610992431641e-01,7.858466506004333496e-01,-1.223724484443664551e-01,3.505594432353973389e-01,5.630549192428588867e-01,6.749408841133117676e-01
-2.840393483638763428e-01,-1.987240463495254517e-01,-1.864861696958541870e-01,4.996375739574432373e-01,-3.772584795951843262e-01,-6.604075431823730469e-02,6.828875839710235596e-02,1.000000000000000000e+00,-4.511168599128723145e-02,1.038197651505470276e-01,1.767571433447301388e-03,1.364859491586685181e-01,2.614939808845520020e-01,5.434843301773071289e-01,1.446922868490219116e-01,-6.481429189443588257e-02,6.399876475334167480e-01,1.381285339593887329e-01,-3.680000901222229004e-01,-1.075509414076805115e-01
5.543853715062141418e-02,1.902256608009338379e-01,5.397533774375915527e-01,-1.227134615182876587e-01,4.408046901226043701e-01,6.663479208946228027e-01,5.676646828651428223e-01,-4.511168599128723145e-02,1.000000000000000000e+00,1.128156185150146484e-01,-3.164533376693725586e-01,3.905060887336730957e-01,-5.190318822860717773e-01,-4.673429429531097412e-01,4.992435276508331299e-01,4.432002902030944824e-01,-8.795974403619766235e-02,6.655015945434570312e-01,5.533683896064758301e-01,5.258959531784057617e-01
3.996276259422302246e-01,1.356762796640396118e-01,2.175302654504776001e-01,8.700717240571975708e-02,4.656035453081130981e-02,2.782000303268432617e-01,3.263760209083557129e-01,1.038197651505470276e-01,1.128156185150146484e-01,1.000000000000000000e+00,-2.079392373561859131e-01,3.815912306308746338e-01,5.087087675929069519e-02,-2.650695852935314178e-02,3.658402264118194580e-01,2.577205896377563477e-01,-4.720896854996681213e-02,1.760014444589614868e-01,1.914182603359222412e-01,4.119602441787719727e-01
1.924447119235992432e-01,1.351230740547180176e-01,-2.415665239095687866e-01,9.422960877418518066e-02,-8.349540084600448608e-02,-5.110831260681152344e-01,-1.393537521362304688e-01,1.767571433447301388e-03,-3.164533376693725586e-01,-2.079392373561859131e-01,1.000000000000000000e+00,-2.163875997066497803e-01,2.943064868450164795e-01,1.853400468826293945e-01,-4.003027081489562988e-01,9.049934893846511841e-02,1.706252805888652802e-02,-1.656090617179870605e-01,-1.085126101970672607e-01,-2.733519375324249268e-01
3.214737772941589355e-02,1.787383854389190674e-01,5.912330746650695801e-01,1.116866469383239746e-01,2.776567265391349792e-02,4.076224267482757568e-01,7.105557918548583984e-01,1.364859491586685181e-01,3.905060887336730957e-01,3.815912306308746338e-01,-2.163875997066497803e-01,1.000000000000000000e+00,-2.477859109640121460e-01,-1.602804847061634064e-02,6.319541931152343750e-01,6.316103339195251465e-01,4.926570504903793335e-02,3.876296877861022949e-01,3.685256242752075195e-01,6.720283627510070801e-01
-1.828641146421432495e-01,-3.058164417743682861e-01,-6.435527205467224121e-01,5.278152227401733398e-01,-4.849476814270019531e-01,-5.751747488975524902e-01,-4.091514647006988525e-01,2.614939808845520020e-01,-5.190318822860717773e-01,5.087087675929069519e-02,2.943064868450164795e-01,-2.477859109640121460e-01,1.000000000000000000e+00,5.936412215232849121e-01,-3.381649553775787354e-01,-4.249445199966430664e-01,4.316282570362091064e-01,-2.882298231124877930e-01,-6.269400119781494141e-01,-3.353506028652191162e-01
-4.027110040187835693e-01,-3.120960295200347900e-01,-4.946925938129425049e-01,6.180762648582458496e-01,-6.797158122062683105e-01,-4.952457845211029053e-01,-2.221356928348541260e-01,5.434843301773071289e-01,-4.673429429531097412e-01,-2.650695852935314178e-02,1.853400468826293945e-01,-1.602804847061634064e-02,5.936412215232849121e-01,1.000000000000000000e+00,-1.254355758428573608e-01,-3.437308371067047119e-01,6.150017380714416504e-01,-1.293511837720870972e-01,-6.657300591468811035e-01,-3.031676411628723145e-01
-6.432762742042541504e-02,1.160672605037689209e-01,5.360741019248962402e-01,-1.610348001122474670e-02,1.796780228614807129e-01,6.607207059860229492e-01,6.468603610992431641e-01,1.446922868490219116e-01,4.992435276508331299e-01,3.658402264118194580e-01,-4.003027081489562988e-01,6.319541931152343750e-01,-3.381649553775787354e-01,-1.254355758428573608e-01,1.000000000000000000e+00,5.248257517814636230e-01,2.594210579991340637e-02,4.647166132926940918e-01,3.816232085227966309e-01,6.360598802566528320e-01
1.848883777856826782e-01,3.874032795429229736e-01,6.978703141212463379e-01,-1.845126301050186157e-01,3.224757313728332520e-01,4.086496829986572266e-01,7.858466506004333496e-01,-6.481429189443588257e-02,4.432002902030944824e-01,2.577205896377563477e-01,9.049934893846511841e-02,6.316103339195251465e-01,-4.249445199966430664e-01,-3.437308371067047119e-01,5.248257517814636230e-01,1.000000000000000000e+00,-2.212572693824768066e-01,3.458098471164703369e-01,5.890961289405822754e-01,5.618423819541931152e-01
-3.545946776866912842e-01,-4.387431442737579346e-01,-3.615344762802124023e-01,5.180559158325195312e-01,-5.209800601005554199e-01,-3.094468116760253906e-01,-1.223724484443664551e-01,6.399876475334167480e-01,-8.795974403619766235e-02,-4.720896854996681213e-02,1.706252805888652802e-02,4.926570504903793335e-02,4.316282570362091064e-01,6.150017380714416504e-01,2.594210579991340637e-02,-2.212572693824768066e-01,1.000000000000000000e+00,2.477852404117584229e-01,-6.016014814376831055e-01,-2.805916070938110352e-01
8.122928440570831299e-02,-9.768415242433547974e-02,2.454245388507843018e-01,2.037966810166835785e-02,1.142423301935195923e-01,3.280366659164428711e-01,3.505594432353973389e-01,1.381285339593887329e-01,6.655015945434570312e-01,1.760014444589614868e-01,-1.656090617179870605e-01,3.876296877861022949e-01,-2.882298231124877930e-01,-1.293511837720870972e-01,4.647166132926940918e-01,3.458098471164703369e-01,2.477852404117584229e-01,1.000000000000000000e+00,1.961270123720169067e-01,3.223906159400939941e-01
3.304969966411590576e-01,5.021643042564392090e-01,7.129783630371093750e-01,-4.067960679531097412e-01,5.734593272209167480e-01,6.187673211097717285e-01,5.630549192428588867e-01,-3.680000901222229004e-01,5.533683896064758301e-01,1.914182603359222412e-01,-1.085126101970672607e-01,3.685256242752075195e-01,-6.269400119781494141e-01,-6.657300591468811035e-01,3.816232085227966309e-01,5.890961289405822754e-01,-6.016014814376831055e-01,1.961270123720169067e-01,1.000000000000000000e+00,6.602889895439147949e-01
9.196472913026809692e-02,2.757366299629211426e-01,5.965410470962524414e-01,-1.382749527692794800e-01,3.022504448890686035e-01,5.959330201148986816e-01,6.749408841133117676e-01,-1.075509414076805115e-01,5.258959531784057617e-01,4.119602441787719727e-01,-2.733519375324249268e-01,6.720283627510070801e-01,-3.353506028652191162e-01,-3.031676411628723145e-01,6.360598802566528320e-01,5.618423819541931152e-01,-2.805916070938110352e-01,3.223906159400939941e-01,6.602889895439147949e-01,1.000000000000000000e+00
