-1.373047408233250222e+00,3.498464319168475417e-02,0.000000000000000000e+00,-0.000000000000000000e+00,0.000000000000000000e+00,0.000000000000000000e+00,0.000000000000000000e+00,-0.000000000000000000e+00,0.000000000000000000e+00,1.718115992314566687e-01,0.000000000000000000e+00,0.000000000000000000e+00,-0.000000000000000000e+00,-0.000000000000000000e+00,-0.000000000000000000e+00,0.000000000000000000e+00,-0.000000000000000000e+00,0.000000000000000000e+00,0.000000000000000000e+00,0.000000000000000000e+00
3.498464319168475417e-02,-1.279285704106567945e+00,2.506012260074083620e-01,-0.000000000000000000e+00,2.623866640398505798e-02,0.000000000000000000e+00,0.000000000000000000e+00,-0.000000000000000000e+00,0.000000000000000000e+00,0.000000000000000000e+00,0.000000000000000000e+00,0.000000000000000000e+00,-0.000000000000000000e+00,-0.000000000000000000e+00,0.000000000000000000e+00,0.000000000000000000e+00,-0.000000000000000000e+00,-0.000000000000000000e+00,8.819641172745765201e-03,0.000000000000000000e+00
0.000000000000000000e+00,2.506012260074083620e-01,-2.002888932387351772e+00,-0.000000000000000000e+00,0.000000000000000000e+00,2.431085498768798259e-01,3.933350414639073533e-01,-0.000000000000000000e+00,0.000000000000000000e+00,0.000000000000000000e+00,-0.000000000000000000e+00,6.808983618631397894e-02,-2.333486683798956240e-01,-0.000000000000000000e+00,0.000000000000000000e+00,2.860365581869734886e-01,-0.000000000000000000e+00,0.000000000000000000e+00,2.626722646159379559e-01,0.000000000000000000e+00
-0.000000000000000000e+00,-0.000000000000000000e+00,-0.000000000000000000e+00,-1.480116271830572927e+00,-0.000000000000000000e+00,-0.000000000000000000e+00,0.000000000000000000e+00,5.304770727003988579e-02,-0.000000000000000000e+00,0.000000000000000000e+00,0.000000000000000000e+00,0.000000000000000000e+00,1.654148171275653112e-01,1.757248756092795738e-01,0.000000000000000000e+00,-0.000000000000000000e+00,0.000000000000000000e+00,0.000000000000000000e+00,-0.000000000000000000e+00,-0.000000000000000000e+00
0.000000000000000000e+00,2.623866640398505798e-02,0.000000000000000000e+00,-0.000000000000000000e+00,-1.537912068311206859e+00,1.038660417147332787e-01,0.000000000000000000e+00,-0.000000000000000000e+00,0.000000000000000000e+00,-0.000000000000000000e+00,0.000000000000000000e+00,-0.000000000000000000e+00,-0.000000000000000000e+00,-2.127585636038712702e-01,0.000000000000000000e+00,0.000000000000000000e+00,-0.000000000000000000e+00,-0.000000000000000000e+00,0.000000000000000000e+00,0.000000000000000000e+00
0.000000000000000000e+00,0.000000000000000000e+00,2.431085498768798259e-01,-0.000000000000000000e+00,1.038660417147332787e-01,-2.009781785846026736e+00,0.000000000000000000e+00,0.000000000000000000e+00,9.919291087905644788e-02,0.000000000000000000e+00,-1.697328092731539562e-01,0.000000000000000000e+00,-0.000000000000000000e+00,-0.000000000000000000e+00,2.791800291759490293e-01,0.000000000000000000e+00,-0.000000000000000000e+00,0.000000000000000000e+00,0.000000000000000000e+00,0.000000000000000000e+00
0.000000000000000000e+00,0.000000000000000000e+00,3.933350414639073533e-01,0.000000000000000000e+00,0.000000000000000000e+00,0.000000000000000000e+00,-2.105071401596226632e+00,0.000000000000000000e+00,4.281374241438482692e-02,0.000000000000000000e+00,0.000000000000000000e+00,3.148261489363106680e-01,-0.000000000000000000e+00,0.000000000000000000e+00,1.815471040224314880e-01,6.183756173714615167e-01,-0.000000000000000000e+00,0.000000000000000000e+00,0.000000000000000000e+00,2.078279623703932766e-01
-0.000000000000000000e+00,-0.000000000000000000e+00,-0.000000000000000000e+00,5.304770727003988579e-02,-0.000000000000000000e+00,0.000000000000000000e+00,0.000000000000000000e+00,-1.414376967843516075e+00,0.000000000000000000e+00,0.000000000000000000e+00,-0.000000000000000000e+00,0.000000000000000000e+00,0.000000000000000000e+00,5.210361564241163673e-02,0.000000000000000000e+00,-0.000000000000000000e+00,2.582070149620249166e-01,0.000000000000000000e+00,-0.000000000000000000e+00,-0.000000000000000000e+00
0.000000000000000000e+00,0.000000000000000000e+00,0.000000000000000000e+00,-0.000000000000000000e+00,0.000000000000000000e+00,9.919291087905644788e-02,4.281374241438482692e-02,0.000000000000000000e+00,-2.098730607366831702e+00,0.000000000000000000e+00,-0.000000000000000000e+00,0.000000000000000000e+00,-0.000000000000000000e+00,-0.000000000000000000e+00,0.000000000000000000e+00,0.000000000000000000e+00,0.000000000000000000e+00,2.717448272333957693e-01,0.000000000000000000e+00,0.000000000000000000e+00
1.718115992314566687e-01,0.000000000000000000e+00,0.000000000000000000e+00,0.000000000000000000e+00,-0.000000000000000000e+00,0.000000000000000000e+00,0.000000000000000000e+00,0.000000000000000000e+00,0.000000000000000000e+00,-1.246982035582590465e+00,-0.000000000000000000e+00,2.946255101063897583e-02,0.000000000000000000e+00,0.000000000000000000e+00,3.307230235496221721e-02,0.000000000000000000e+00,-0.000000000000000000e+00,0.000000000000000000e+00,0.000000000000000000e+00,7.976486102642123266e-02
0.000000000000000000e+00,0.000000000000000000e+00,-0.000000000000000000e+00,0.000000000000000000e+00,0.000000000000000000e+00,-1.697328092731539562e-01,0.000000000000000000e+00,-0.000000000000000000e+00,-0.000000000000000000e+00,-0.000000000000000000e+00,-1.225547555019553370e+00,-0.000000000000000000e+00,0.000000000000000000e+00,0.000000000000000000e+00,-0.000000000000000000e+00,0.000000000000000000e+00,-0.000000000000000000e+00,-0.000000000000000000e+00,0.000000000000000000e+00,-0.000000000000000000e+00
0.000000000000000000e+00,0.000000000000000000e+00,6.808983618631397894e-02,0.000000000000000000e+00,-0.000000000000000000e+00,0.000000000000000000e+00,3.148261489363106680e-01,0.000000000000000000e+00,0.000000000000000000e+00,2.946255101063897583e-02,-0.000000000000000000e+00,-1.704692270565392631e+00,-0.000000000000000000e+00,0.000000000000000000e+00,1.869906999179405949e-01,1.945683676338495205e-01,0.000000000000000000e+00,0.000000000000000000e+00,0.000000000000000000e+00,2.909874222524754805e-01
-0.000000000000000000e+00,-0.000000000000000000e+00,-2.333486683798956240e-01,1.654148171275653112e-01,-0.000000000000000000e+00,-0.000000000000000000e+00,-0.000000000000000000e+00,0.000000000000000000e+00,-0.000000000000000000e+00,0.000000000000000000e+00,0.000000000000000000e+00,-0.000000000000000000e+00,-1.724688408511385163e+00,0.000000000000000000e+00,-0.000000000000000000e+00,-0.000000000000000000e+00,0.000000000000000000e+00,-0.000000000000000000e+00,-2.682561377807017849e-03,-0.000000000000000000e+00
-0.000000000000000000e+00,-0.000000000000000000e+00,-0.000000000000000000e+00,1.757248756092795738e-01,-2.127585636038712702e-01,-0.000000000000000000e+00,0.000000000000000000e+00,5.210361564241163673e-02,-0.000000000000000000e+00,0.000000000000000000e+00,0.000000000000000000e+00,0.000000000000000000e+00,0.000000000000000000e+00,-2.482664074341697891e+00,0.000000000000000000e+00,-0.000000000000000000e+00,0.000000000000000000e+00,0.000000000000000000e+00,-0.000000000000000000e+00,-0.000000000000000000e+00
-0.000000000000000000e+00,0.000000000000000000e+00,0.000000000000000000e+00,0.000000000000000000e+00,0.000000000000000000e+00,2.791800291759490293e-01,1.815471040224314880e-01,0.000000000000000000e+00,0.000000000000000000e+00,3.307230235496221721e-02,-0.000000000000000000e+00,1.869906999179405949e-01,-0.000000000000000000e+00,0.000000000000000000e+00,-1.660884740395118797e+00,0.000000000000000000e+00,0.000000000000000000e+00,0.000000000000000000e+00,0.000000000000000000e+00,1.677065260934864910e-01
0.000000000000000000e+00,0.000000000000000000e+00,2.860365581869734886e-01,-0.000000000000000000e+00,0.000000000000000000e+00,0.000000000000000000e+00,6.183756173714615167e-01,-0.000000000000000000e+00,0.000000000000000000e+00,0.000000000000000000e+00,0.000000000000000000e+00,1.945683676338495205e-01,-0.000000000000000000e+00,-0.000000000000000000e+00,0.000000000000000000e+00,-1.726181211573956320e+00,-0.000000000000000000e+00,0.000000000000000000e+00,1.040169758732882310e-01,0.000000000000000000e+00
-0.000000000000000000e+00,-0.000000000000000000e+00,-0.000000000000000000e+00,0.000000000000000000e+00,-0.000000000000000000e+00,-0.000000000000000000e+00,-0.000000000000000000e+00,2.582070149620249166e-01,0.000000000000000000e+00,-0.000000000000000000e+00,-0.000000000000000000e+00,0.000000000000000000e+00,0.000000000000000000e+00,0.000000000000000000e+00,0.000000000000000000e+00,-0.000000000000000000e+00,-1.843194148403568322e+00,1.507540081539484288e-02,-2.038083334073226005e-01,-0.000000000000000000e+00
0.000000000000000000e+00,-0.000000000000000000e+00,0.000000000000000000e+00,0.000000000000000000e+00,-0.000000000000000000e+00,0.000000000000000000e+00,0.000000000000000000e+00,0.000000000000000000e+00,2.717448272333957693e-01,0.000000000000000000e+00,-0.000000000000000000e+00,0.000000000000000000e+00,-0.000000000000000000e+00,0.000000000000000000e+00,0.000000000000000000e+00,0.000000000000000000e+00,1.507540081539484288e-02,-1.650668824501369869e+00,0.000000000000000000e+00,0.000000000000000000e+00
0.000000000000000000e+00,8.819641172745765201e-03,2.626722646159379559e-01,-0.000000000000000000e+00,0.000000000000000000e+00,0.000000000000000000e+00,0.000000000000000000e+00,-0.000000000000000000e+00,0.000000000000000000e+00,0.000000000000000000e+00,0.000000000000000000e+00,0.000000000000000000e+00,-2.682561377807017849e-03,-0.000000000000000000e+00,0.000000000000000000e+00,1.040169758732882310e-01,-2.038083334073226005e-01,0.000000000000000000e+00,-2.270212445312431271e+00,3.370232863562219738e-01
0.000000000000000000e+00,0.000000000000000000e+00,0.000000000000000000e+00,-0.000000000000000000e+00,0.000000000000000000e+00,0.000000000000000000e+00,2.078279623703932766e-01,-0.000000000000000000e+00,0.000000000000000000e+00,7.976486102642123266e-02,-0.000000000000000000e+00,2.909874222524754805e-01,-0.000000000000000000e+00,-0.000000000000000000e+00,1.677065260934864910e-01,0.000000000000000000e+00,-0.000000000000000000e+00,0.000000000000000000e+00,3.370232863562219738e-01,-1.773936463757725068e+00
