-1.734039467401546908e+00,2.244834979153342291e-01,0.000000000000000000e+00,2.360278839985632815e-01,0.000000000000000000e+00,2.454647267456128712e-01,0.000000000000000000e+00,0.000000000000000000e+00,3.532901201924654871e-02,-0.000000000000000000e+00,0.000000000000000000e+00,2.656796475664465265e-02,0.000000000000000000e+00,1.128830626542232513e-01,1.530200796809392805e-01,0.000000000000000000e+00,0.000000000000000000e+00,0.000000000000000000e+00,0.000000000000000000e+00,0.000000000000000000e+00
2.244834979153342291e-01,-1.959348415286981560e+00,0.000000000000000000e+00,0.000000000000000000e+00,0.000000000000000000e+00,1.772633809141177796e-01,0.000000000000000000e+00,0.000000000000000000e+00,0.000000000000000000e+00,-0.000000000000000000e+00,5.610227366389236407e-03,0.000000000000000000e+00,0.000000000000000000e+00,4.419627387080066194e-01,1.914227392845441467e-01,0.000000000000000000e+00,2.553452089461289432e-01,0.000000000000000000e+00,0.000000000000000000e+00,-0.000000000000000000e+00
0.000000000000000000e+00,0.000000000000000000e+00,-1.195287294166527126e+00,0.000000000000000000e+00,5.530288693972561231e-02,0.000000000000000000e+00,6.451942321168636918e-02,0.000000000000000000e+00,0.000000000000000000e+00,0.000000000000000000e+00,5.234647348167993652e-02,0.000000000000000000e+00,2.066808104161992066e-02,4.430131845604895480e-02,0.000000000000000000e+00,0.000000000000000000e+00,0.000000000000000000e+00,0.000000000000000000e+00,0.000000000000000000e+00,0.000000000000000000e+00
2.360278839985632815e-01,0.000000000000000000e+00,0.000000000000000000e+00,-2.009781785846026736e+00,2.318808811034760442e-01,9.919291087905644788e-02,0.000000000000000000e+00,2.569711447233216650e-01,2.328872270929857324e-01,-0.000000000000000000e+00,0.000000000000000000e+00,0.000000000000000000e+00,0.000000000000000000e+00,3.422555679596159944e-02,2.791800291759490293e-01,0.000000000000000000e+00,0.000000000000000000e+00,0.000000000000000000e+00,0.000000000000000000e+00,0.000000000000000000e+00
0.000000000000000000e+00,0.000000000000000000e+00,5.530288693972561231e-02,2.318808811034760442e-01,-2.414587358797386507e+00,1.637932407157185188e-01,0.000000000000000000e+00,0.000000000000000000e+00,0.000000000000000000e+00,-0.000000000000000000e+00,0.000000000000000000e+00,-0.000000000000000000e+00,3.303878118726079616e-01,6.510236168952424074e-02,0.000000000000000000e+00,2.455991990857140927e-01,0.000000000000000000e+00,-0.000000000000000000e+00,0.000000000000000000e+00,0.000000000000000000e+00
2.454647267456128712e-01,1.772633809141177796e-01,0.000000000000000000e+00,9.919291087905644788e-02,1.637932407157185188e-01,-2.098730607366831702e+00,0.000000000000000000e+00,0.000000000000000000e+00,0.000000000000000000e+00,-0.000000000000000000e+00,-0.000000000000000000e+00,0.000000000000000000e+00,1.605904800992251913e-01,3.444683181359377011e-01,0.000000000000000000e+00,0.000000000000000000e+00,2.717448272333957693e-01,-0.000000000000000000e+00,0.000000000000000000e+00,0.000000000000000000e+00
0.000000000000000000e+00,0.000000000000000000e+00,6.451942321168636918e-02,0.000000000000000000e+00,0.000000000000000000e+00,0.000000000000000000e+00,-1.362937538424508821e+00,4.693196306260458694e-01,2.129160196813379563e-02,2.582848188278935239e-02,2.990473446741373064e-03,0.000000000000000000e+00,0.000000000000000000e+00,0.000000000000000000e+00,0.000000000000000000e+00,-0.000000000000000000e+00,-0.000000000000000000e+00,1.121635634193710873e-01,7.444335500596538369e-02,0.000000000000000000e+00
0.000000000000000000e+00,0.000000000000000000e+00,0.000000000000000000e+00,2.569711447233216650e-01,0.000000000000000000e+00,0.000000000000000000e+00,4.693196306260458694e-01,-1.664337275231378532e+00,2.336408807085666450e-01,0.000000000000000000e+00,0.000000000000000000e+00,0.000000000000000000e+00,-0.000000000000000000e+00,0.000000000000000000e+00,2.230992549404103506e-02,-0.000000000000000000e+00,-0.000000000000000000e+00,3.788595547656298246e-01,0.000000000000000000e+00,0.000000000000000000e+00
3.532901201924654871e-02,0.000000000000000000e+00,0.000000000000000000e+00,2.328872270929857324e-01,0.000000000000000000e+00,0.000000000000000000e+00,2.129160196813379563e-02,2.336408807085666450e-01,-1.492989153456512064e+00,-0.000000000000000000e+00,0.000000000000000000e+00,0.000000000000000000e+00,0.000000000000000000e+00,0.000000000000000000e+00,0.000000000000000000e+00,0.000000000000000000e+00,0.000000000000000000e+00,0.000000000000000000e+00,0.000000000000000000e+00,0.000000000000000000e+00
-0.000000000000000000e+00,-0.000000000000000000e+00,0.000000000000000000e+00,-0.000000000000000000e+00,-0.000000000000000000e+00,-0.000000000000000000e+00,2.582848188278935239e-02,0.000000000000000000e+00,-0.000000000000000000e+00,-1.139293746764315829e+00,-0.000000000000000000e+00,-0.000000000000000000e+00,0.000000000000000000e+00,-0.000000000000000000e+00,-0.000000000000000000e+00,-0.000000000000000000e+00,-0.000000000000000000e+00,0.000000000000000000e+00,1.429368243748699308e-01,0.000000000000000000e+00
0.000000000000000000e+00,5.610227366389236407e-03,5.234647348167993652e-02,0.000000000000000000e+00,0.000000000000000000e+00,-0.000000000000000000e+00,2.990473446741373064e-03,0.000000000000000000e+00,0.000000000000000000e+00,-0.000000000000000000e+00,-1.533550781138032004e+00,1.187510708298290391e-01,-0.000000000000000000e+00,0.000000000000000000e+00,0.000000000000000000e+00,0.000000000000000000e+00,0.000000000000000000e+00,7.854446041259832700e-02,-0.000000000000000000e+00,-0.000000000000000000e+00
2.656796475664465265e-02,0.000000000000000000e+00,0.000000000000000000e+00,0.000000000000000000e+00,-0.000000000000000000e+00,0.000000000000000000e+00,0.000000000000000000e+00,0.000000000000000000e+00,0.000000000000000000e+00,-0.000000000000000000e+00,1.187510708298290391e-01,-1.359059234113827452e+00,-0.000000000000000000e+00,0.000000000000000000e+00,7.582389168015418734e-02,0.000000000000000000e+00,0.000000000000000000e+00,3.811134566609128416e-02,0.000000000000000000e+00,-0.000000000000000000e+00
0.000000000000000000e+00,0.000000000000000000e+00,2.066808104161992066e-02,0.000000000000000000e+00,3.303878118726079616e-01,1.605904800992251913e-01,0.000000000000000000e+00,-0.000000000000000000e+00,0.000000000000000000e+00,0.000000000000000000e+00,-0.000000000000000000e+00,-0.000000000000000000e+00,-1.775529639823907546e+00,4.636616716245767905e-02,0.000000000000000000e+00,1.211044383854302936e-01,0.000000000000000000e+00,-0.000000000000000000e+00,0.000000000000000000e+00,4.636761946249422987e-04
1.128830626542232513e-01,4.419627387080066194e-01,4.430131845604895480e-02,3.422555679596159944e-02,6.510236168952424074e-02,3.444683181359377011e-01,0.000000000000000000e+00,0.000000000000000000e+00,0.000000000000000000e+00,-0.000000000000000000e+00,0.000000000000000000e+00,0.000000000000000000e+00,4.636616716245767905e-02,-1.945062348948594311e+00,0.000000000000000000e+00,1.717744626938964847e-01,2.270277446382699613e-02,-0.000000000000000000e+00,8.711510749095496831e-02,0.000000000000000000e+00
1.530200796809392805e-01,1.914227392845441467e-01,0.000000000000000000e+00,2.791800291759490293e-01,0.000000000000000000e+00,0.000000000000000000e+00,0.000000000000000000e+00,2.230992549404103506e-02,0.000000000000000000e+00,-0.000000000000000000e+00,0.000000000000000000e+00,7.582389168015418734e-02,0.000000000000000000e+00,0.000000000000000000e+00,-1.660884740395118797e+00,0.000000000000000000e+00,0.000000000000000000e+00,0.000000000000000000e+00,0.000000000000000000e+00,0.000000000000000000e+00
0.000000000000000000e+00,0.000000000000000000e+00,0.000000000000000000e+00,0.000000000000000000e+00,2.455991990857140927e-01,0.000000000000000000e+00,-0.000000000000000000e+00,-0.000000000000000000e+00,0.000000000000000000e+00,-0.000000000000000000e+00,0.000000000000000000e+00,0.000000000000000000e+00,1.211044383854302936e-01,1.717744626938964847e-01,0.000000000000000000e+00,-1.985645970485614198e+00,2.158825509818538546e-01,-0.000000000000000000e+00,0.000000000000000000e+00,0.000000000000000000e+00
0.000000000000000000e+00,2.553452089461289432e-01,0.000000000000000000e+00,0.000000000000000000e+00,0.000000000000000000e+00,2.717448272333957693e-01,-0.000000000000000000e+00,-0.000000000000000000e+00,0.000000000000000000e+00,-0.000000000000000000e+00,0.000000000000000000e+00,0.000000000000000000e+00,0.000000000000000000e+00,2.270277446382699613e-02,0.000000000000000000e+00,2.158825509818538546e-01,-1.650668824501369869e+00,0.000000000000000000e+00,0.000000000000000000e+00,0.000000000000000000e+00
0.000000000000000000e+00,0.000000000000000000e+00,0.000000000000000000e+00,0.000000000000000000e+00,-0.000000000000000000e+00,-0.000000000000000000e+00,1.121635634193710873e-01,3.788595547656298246e-01,0.000000000000000000e+00,0.000000000000000000e+00,7.854446041259832700e-02,3.811134566609128416e-02,-0.000000000000000000e+00,-0.000000000000000000e+00,0.000000000000000000e+00,-0.000000000000000000e+00,0.000000000000000000e+00,-1.379595470211249175e+00,0.000000000000000000e+00,0.000000000000000000e+00
0.000000000000000000e+00,0.000000000000000000e+00,0.000000000000000000e+00,0.000000000000000000e+00,0.000000000000000000e+00,0.000000000000000000e+00,7.444335500596538369e-02,0.000000000000000000e+00,0.000000000000000000e+00,1.429368243748699308e-01,-0.000000000000000000e+00,0.000000000000000000e+00,0.000000000000000000e+00,8.711510749095496831e-02,0.000000000000000000e+00,0.000000000000000000e+00,0.000000000000000000e+00,0.000000000000000000e+00,-1.094066699426123668e+00,0.000000000000000000e+00
0.000000000000000000e+00,-0.000000000000000000e+00,0.000000000000000000e+00,0.000000000000000000e+00,0.000000000000000000e+00,0.000000000000000000e+00,0.000000000000000000e+00,0.000000000000000000e+00,0.000000000000000000e+00,0.000000000000000000e+00,-0.000000000000000000e+00,-0.000000000000000000e+00,4.636761946249422987e-04,0.000000000000000000e+00,0.000000000000000000e+00,0.000000000000000000e+00,0.000000000000000000e+00,0.000000000000000000e+00,0.000000000000000000e+00,-1.366222937600787279e+00
